1
2
3
4
5
6
7
8
9
10
11
12
13
26
39
50
61
74
87
100
113
126
139
152
165
178
191
204
217
230
243
256
269
282
295
308
321
334
345
356
369
382
395
408
421
420
419
418
417
416
415
414
413
412
411
410
409
396
383
370
357
346
335
322
309
296
283
270
257
244
231
218
205
192
179
166
153
140
127
114
101
88
75
62
51
40
27
14
1
14
15
28
41
52
63
76
89
102
115
128
141
154
167
180
193
206
219
232
245
258
271
284
297
310
323
336
347
358
371
384
397
398
399
400
401
402
403
404
405
406
407
394
381
368
355
344
333
320
307
294
281
268
255
242
229
216
203
190
177
164
151
138
125
112
99
86
73
60
49
38
25
24
23
22
21
20
19
18
17
16
29
42
53
64
77
90
103
116
129
142
155
168
181
194
207
220
233
246
259
272
285
298
311
324
337
348
359
372
385
386
387
388
389
390
391
392
393
380
367
354
343
332
319
306
293
280
267
254
241
228
215
202
189
176
163
150
137
124
111
98
85
72
59
48
37
423
36
437
23
437
36
35
34
33
436
33
422
32
31
30
43
54
65
78
91
104
117
130
143
156
169
182
195
208
221
234
247
260
273
286
299
312
325
338
349
360
373
374
375
376
377
378
379
447
366
435
366
353
342
331
430
331
445
318
305
292
279
266
253
240
227
214
201
188
175
162
149
136
123
110
97
84
441
71
428
71
58
47
36
47
424
48
424
47
58
426
59
426
58
71
70
440
83
82
439
69
68
57
425
56
45
44
55
66
79
92
105
118
131
144
157
170
183
196
209
222
235
248
261
274
287
300
313
326
339
350
361
362
434
363
446
363
364
365
366
365
364
363
352
351
352
341
431
340
431
341
328
329
443
316
317
304
291
278
265
252
239
226
213
200
187
174
161
148
135
122
109
96
95
94
81
438
68
427
67
80
93
106
119
132
145
158
171
184
197
210
223
236
249
262
275
288
301
314
327
429
328
442
315
302
303
290
277
264
251
238
225
212
199
186
173
160
147
134
121
108
107
120
133
146
159
172
185
198
211
224
237
250
263
276
289
276
263
250
237
224
211
198
185
172
159
146
133
120
107
108
121
134
147
160
173
186
199
212
225
238
251
264
277
290
303
302
315
442
328
429
327
314
301
288
275
262
249
236
223
210
197
184
171
158
145
132
119
106
93
80
67
427
68
438
81
94
95
96
109
122
135
148
161
174
187
200
213
226
239
252
265
278
291
304
317
444
330
331
330
444
317
316
443
329
328
341
431
340
431
341
352
351
352
363
446
363
434
362
361
350
339
326
313
300
287
274
261
248
235
222
209
196
183
170
157
144
131
118
105
92
79
66
55
44
45
46
33
46
45
56
425
57
68
69
439
82
83
440
70
71
428
71
441
84
97
110
123
136
149
162
175
188
201
214
227
240
253
266
279
292
305
318
445
331
430
331
342
432
343
432
342
353
433
\