1
4
65
56
65
31
19
29
1
29
2
64
30
67
3
66
46
72
6
48
9
50
12
52
15
54
18
44
17
43
16
42
13
39
10
36
7
33
4
65
61
70
63
70
21
47
21
47
5
68
62
68
55
68
5
32
69
32
22
35
22
32
69
59
69
20
30
67
3
67
58
67
30
20
71
20
46
72
59
72
46
20
71
45
19
29
2
45
5
47
8
49
24
38
11
37
23
34
21
31
19
45
71
20
46
72
59
72
46
20
71
57
71
60
71
45
19
31
21
34
23
37
25
40
27
40
14
40
13
39
25
51
26
41
28
53
\